30 10
12 23 28 29 11 15 21 3 8 17 
894 891
85 151
729 816
270 345
920 149
399 499
206 828
983 46
496 726
226 274
231 854
462 939
872 780
281 579
928 779
605 436
458 381
124 36
402 576
17 830
344 79
861 100
648 339
317 829
734 36
901 694
377 324
72 762
43 464
479 286
168
0 3
0 7
0 21
0 25
0 26
0 27
1 11
1 17
1 20
1 22
1 24
2 3
2 7
2 9
2 23
3 0
3 2
3 7
3 17
4 10
4 13
4 15
4 16
4 17
4 23
4 24
4 28
5 7
5 12
5 14
5 18
5 21
6 7
6 12
6 21
6 26
6 27
7 0
7 2
7 3
7 5
7 6
7 8
7 9
7 10
7 13
7 15
7 21
7 24
8 7
8 22
9 2
9 7
9 12
9 14
9 20
9 22
9 24
10 4
10 7
10 19
10 23
10 27
10 28
11 1
11 14
11 19
12 5
12 6
12 9
12 18
12 19
12 27
13 4
13 7
13 21
14 5
14 9
14 11
14 17
14 19
15 4
15 7
15 21
15 23
15 24
15 28
16 4
16 18
16 19
16 20
17 1
17 3
17 4
17 14
17 21
17 24
17 26
17 28
18 5
18 12
18 16
18 25
19 10
19 11
19 12
19 14
19 16
19 20
19 29
20 1
20 9
20 16
20 19
20 23
20 26
20 29
21 0
21 5
21 6
21 7
21 13
21 15
21 17
21 24
21 25
22 1
22 8
22 9
23 2
23 4
23 10
23 15
23 20
23 27
23 29
24 1
24 4
24 7
24 9
24 15
24 17
24 21
25 0
25 18
25 21
25 27
26 0
26 6
26 17
26 20
27 0
27 6
27 10
27 12
27 23
27 25
27 29
28 4
28 10
28 15
28 17
28 29
29 19
29 20
29 23
29 27
29 28
3 17 28 29 23 15 21 7 8 22 9 12 19 11 1 17 3
Greedy Result: 8000
28 17 3 17 1 22 8 7 21 15 23 10 19 11 19 12 18 16 20 29 28
Ant Colony Result: 7953
19 11 19 10 23 15 21 7 8 22 1 17 3 17 28 29 20 16 18 12 19
Branch and Bound: 7953